1 0.852942 0.365048 0.161133 0.172286
1 0.849304 0.542270 0.128908 0.174254
1 0.598242 0.911587 0.113317 0.168317
1 0.723512 0.914548 0.079008 0.150492
1 0.452696 0.202667 0.136192 0.136635
1 0.663733 0.080889 0.152817 0.146540
1 0.465692 0.360095 0.099800 0.158413
2 0.517671 0.690794 0.110192 0.067333
2 0.311829 0.825444 0.097725 0.091079
2 0.728187 0.207627 0.032225 0.106937
2 0.613779 0.546238 0.096792 0.205937
2 0.717742 0.525444 0.100950 0.295048
2 0.593558 0.265048 0.143467 0.332667
0 0.535375 0.516532 0.540583 0.906937
1 0.203708 0.532373 0.141383 0.392079
