2 0.543926 0.621710 0.030758 0.088334
2 0.664332 0.623297 0.023339 0.086743
2 0.243132 0.613751 0.059513 0.107434
2 0.381728 0.580406 0.117753 0.066852
2 0.673985 0.288829 0.257139 0.124144
2 0.142942 0.462475 0.084025 0.085951
2 0.294174 0.309492 0.062626 0.025213
0 0.480695 0.558494 0.536264 0.442363
1 0.622681 0.721801 0.453845 0.280758
1 0.728159 0.451357 0.276498 0.241794
1 0.172130 0.529854 0.172599 0.307116
1 0.318777 0.791246 0.139341 0.166391
1 0.426737 0.276398 0.221814 0.116886
7 0.482351 0.595674 0.802897 0.570955
2 0.314734 0.413209 0.077554 0.083561
2 0.349792 0.367055 0.138971 0.034218
2 0.599088 0.527803 0.035000 0.088334
