2 0.575036 0.625129 0.082491 0.072884
2 0.117676 0.433984 0.098980 0.125139
2 0.102094 0.596253 0.075162 0.111381
2 0.181277 0.290701 0.076977 0.050880
2 0.270375 0.240917 0.087987 0.056378
1 0.560686 0.696594 0.109477 0.074489
0 0.387509 0.457776 0.559097 0.525301
1 0.762929 0.454340 0.148475 0.111388
1 0.474215 0.778182 0.164982 0.115511
1 0.222162 0.668172 0.166814 0.107258
1 0.702432 0.735555 0.133818 0.115511
1 0.738181 0.580162 0.223637 0.184265
1 0.886570 0.631848 0.099296 0.067610
2 0.908294 0.474692 0.073321 0.089384
